# Target point
|任务点|经度|纬度|
|--------|-------|------|
|start point|-170.229145|52.701435|
|target point|-169.791635|52.895138|
|point1|-170.094576|52.786191|
|point2|-170.033261|52.740627|
|point3|-169.845021|52.782513|
|point4|-169.775323|52.755082|
|point5|-169.627611|52.827083|
|point6|-169.705849|52.89450|
|point7|-169.909834|52.867746|
|point8|-170.009920|52.852899|
 













 [[     0.          28058.81645232  25863.45315585  50991.17066911  56204.44503487  80043.90316639  81473.71111224  55182.68569657   42397.02079286 71125.87691293]
 [ 28058.81645232      0.          12517.66195045  27931.34110059   38487.90478515  59656.31868669  55420.58012617  29129.55471049   16343.84547514  45072.74592685]
 [ 25863.45315585  12517.66195045      0.          25127.71751326   30340.99187902  54180.45001054  59747.04971508  33456.08130419  21445.96608252  49399.27252055]
 [ 50991.17066911  27931.34110059  25127.71751326      0.          10556.56368457   31724.9775861   43872.60220519  40950.33818431  28940.34342229   54220.32860778]
 [ 56204.44503487  38487.90478515  30340.99187902  10556.56368457      0.   23839.45813152  35987.08275061  51506.90186888  39496.90710686  46334.8091532 ]
 [ 80043.90316639  59656.31868669  54180.45001054  31724.9775861  23839.45813152      0.          15895.87112105  42186.89653673  54972.60577207  26243.70532036]
 [ 81473.71111224  55420.58012617  59747.04971508  43872.60220519  35987.08275061  15895.87112105      0.          26291.02541568  39076.73465103  10347.83419932]
 [ 55182.68569657  29129.55471049  33456.08130419  40950.33818431  51506.90186888  42186.89653673  26291.02541568      0.          12785.70923535  15943.19121636]
 [ 42397.02079286  16343.84547514  21445.96608252  28940.34342229   39496.90710686  54972.60577207  39076.73465103  12785.70923535      0.   28728.90045171]
 [ 71125.87691293  45072.74592685  49399.27252055  54220.32860778   46334.8091532   26243.70532036  10347.83419932  15943.19121636   28728.90045171      0.        ]]
[[     0.          27911.3353936   24637.19129199  46905.9476977   53340.68096518  73916.94866183  78300.00016726  53107.60026367   39100.9241438   66816.4222907 ]
 [ 27911.3353936       0.          12396.75941511  27810.43856711   37417.80291747  57517.60058089  52575.03305683  28360.75660448   15554.49144212  42358.58507478]
 [ 24637.19129199  12396.75941511      0.          22167.59936686   28824.86251492  50708.56181793  58879.90637464  32876.46937895   21046.00101108  47243.7468767 ]
 [ 46905.9476977   27810.43856711  22167.59936686      0.           9199.46430227  30359.05918563  43389.08796466  40364.17039998  28628.45432152   53736.81436726]
 [ 53340.68096518  37417.80291747  28824.86251492   9199.46430227      0.  22120.40896773  35150.43774677  49103.7438988   37368.02782035  45498.16414936]
 [ 73916.94866183  57517.60058089  50708.56181793  30359.05918563  22120.40896773      0.          15816.76034916  41486.03774601  54456.26785901  26164.59454848]
 [ 78300.00016726  52575.03305683  58879.90637464  43389.08796466   35150.43774677  15816.76034916      0.          25669.27739666   38639.50750966  10347.83419932]
 [ 53107.60026367  28360.75660448  32876.46937895  40364.17039998   49103.7438988   41486.03774601  25669.27739666      0.          12227.32970465   15104.46099303]
 [ 39100.9241438   15554.49144212  21046.00101108  28628.45432152   37368.02782035  54456.26785901  38639.50750966  12227.32970465      0.   26999.43820151]
 [ 66816.4222907   42358.58507478  47243.7468767   53736.81436726   45498.16414936  26164.59454848  10347.83419932  15104.46099303   26999.43820151      0.        ]]
